7,3
7,2
7,1
7,0
6,6
6,5
6,4
6,3
6,2
6,1
6,0
5,2
5,1
5,0
4,2
4,1
4,0
0,2
0,6
0,0
0,47
0,46
0,49
0,48
0,45
67,3
67,2
67,1
66,3
66,2
66,1
65,4
65,3
65,2
65,1
64,3
64,2
64,1
63,3
63,2
63,1
62,4
62,3
62,2
62,1
61,3
61,2
61,1
60,3
60,2
60,1
59,3
59,2
59,1
58,3
58,2
58,1
57,3
57,2
57,1
56,3
56,2
56,1
55,3
55,2
55,1
54,3
54,2
54,1
53,4
53,3
53,2
53,1
52,4
52,3
52,2
52,1
5,3
4,3
3,44
3,43
3,42
3,41
3,40
3,39
3,38
3,37
3,36
3,35
3,34
3,33
3,32
3,31
3,30
3,29
3,28
3,27
3,26
3,25
3,24
3,23
3,22
3,21
3,20
3,19
3,18
3,17
3,16
3,15
3,14
3,13
3,12
3,11
3,10
3,9
3,8
3,7
3,6
3,5
3,4
3,3
3,2
3,0
2,44
2,43
2,42
2,41
2,40
2,39
2,38
2,37
2,36
2,35
2,34
2,33
2,32
2,31
2,30
2,29
2,28
2,27
2,26
2,25
2,24
2,23
2,22
2,21
2,20
2,19
2,18
2,17
2,16
2,15
2,14
2,13
2,12
2,11
2,10
2,9
2,8
2,7
2,6
2,5
2,4
2,3
2,2
2,0
1,45
1,44
1,43
1,42
1,41
1,40
1,39
1,38
1,37
1,36
1,35
1,34
1,33
1,32
1,31
1,30
1,29
1,28
1,27
1,26
1,25
1,24
1,23
1,22
1,21
1,20
1,19
1,18
1,17
1,16
1,15
1,14
1,13
1,12
1,11
1,10
1,9
1,8
1,7
1,6
1,5
1,4
1,3
1,2
1,0
0,12
0,11
0,10
0,9
0,8
0,5
0,7
0,4
0,3
67,0
66,0
65,0
64,0
63,0
62,0
61,0
60,0
59,0
58,0
57,0
56,0
55,0
54,0
53,0
52,0
